3651.03484587184 260.136326484811 314.811534461983 224.447463247061 132.493956041063 89.4262911240101 74.9729208735803 59.4289996157195 33.2148099421859 48.5755001917369 23.813194153603 2.45231426891769
5474.3705928553 292.259856170513 354.856903637839 311.654661094194 190.417669460943 105.727808479115 86.5245867322915 74.9455592398467 61.8195987667982 89.329930456394 28.5711633006402 19.6369764863393
7725.75439155407 404.557132032752 315.768566998517 315.567414957388 268.080467627433 145.729919946742 105.701447159123 89.8877855212683 73.6975796019715 152.861404259555 72.0251248454298 16.5209797187129
6766.84822620529 929.426256466719 684.478129783704 361.561111973188 327.565225592091 234.591119713495 134.680290571176 102.993194356621 76.3784723974433 133.646494665293 84.0647163707854 46.5358688094415
7838.14892893397 696.039680097888 1176.08681939244 630.081012356775 323.192676950269 264.629475453996 194.370106669571 132.28361746678 97.4752747933226 119.933351228817 86.980653100271 46.8359888551362
6247.21451025383 939.562553024408 776.800103800087 1006.64577758715 483.291394839392 227.761165736438 193.196775317712 133.582899495779 96.1833800706227 117.597013564012 61.7421102284981 45.6454371050845
7630.62714923959 649.336551602113 930.023793953778 537.748768322352 653.473513925607 272.61303828598 132.258327931802 114.346255339469 66.2995652045182 116.467043343665 66.083201527084 29.9887590822836
8176.62155940601 999.002002886704 819.05814975141 789.551741200133 416.29973364885 436.159385171384 182.928702014705 93.6537459686983 77.6834766819502 100.37387163439 70.5662576954989 40.8136605206991
12051.7503888602 2568.65024300876 1204.15176678043 1003.37452881073 593.885872930118 453.284123247862 215.865007557491 164.947339492854 64.6026512435695 95.7275254598434 81.4240536305588 32.4311602213393
13325.1197430435 2054.07408975207 2554.48615166623 811.64818876585 643.990315195501 383.951883776495 274.31064186566 131.498238755043 78.7272268974678 125.889321050663 57.5477207260394 49.3589664937608
13470.2002271314 2457.51388379364 2330.16856764477 1866.00840711858 750.913431897766 620.909432580317 411.370774091125 283.743215889607 126.935886865642 208.869289764804 78.5166301274816 45.9910278846719
11095.8467104306 3478.51307908427 3059.89934059583 1801.79960002405 1041.643428114 452.70832521304 365.804080660471 236.984770430817 142.81209296587 245.082653874799 116.913313329977 52.8125717297262
10007.3123937339 2816.68979990653 2753.81397913497 1697.54102612075 947.83587269881 499.115251772699 251.358522824239 210.720888251904 130.392444327619 324.085308031524 151.395759132037 90.1942602329285
8465.86557166484 2210.95433392772 2026.97433433889 1330.18179782419 787.748282083889 508.538201880022 258.609729500562 143.730205853488 120.521796849727 330.820127426157 207.312695004498 107.21581496523
8906.61153198644 1905.08757249509 1382.8957062288 919.541579231012 655.412186212943 459.423198232369 321.036430341759 169.743214773885 99.2272271936964 349.152785741279 213.453744233081 144.106275396248
6257.00897428835 1947.71859865673 1242.73470971861 722.946260217521 482.733210461022 444.022424623752 334.921447807224 246.314477022091 146.933124848688 357.809843359005 258.314871479913 150.637586014412
3976.40216210544 1164.52620370971 1242.59360927519 545.39852186769 336.968569320513 279.701004899 301.444349180392 252.995522281332 217.986042261309 454.202892585927 280.789185198929 203.00900527746
3447.894512811 675.569957767741 891.340530524273 754.094405644651 345.352314511582 241.170349365362 173.199965956385 215.625919778203 194.864327872327 569.266709820478 315.268246377649 196.463852411868
5795.31904514405 608.987105720194 585.895760573655 577.539765948863 485.045719243895 228.708926486525 153.553670177717 99.0935681097688 134.640424300501 365.696400320113 450.156857402237 223.144402983221
6857.14638204725 1041.18731929479 664.602430029627 516.356305757407 456.723766239604 387.101596202633 181.013680769033 106.52091748977 69.2917059001027 213.767413811845 236.925654372163 336.714787758412
6007.18569981007 1845.76352447935 975.066821381491 572.200413473668 302.644723660543 257.192922834699 196.119243495842 85.7044832391442 62.3382695674486 78.5736613186325 118.231748471347 136.531749276767
13696.5803138448 1163.55097240756 2809.90110097702 893.702356088559 383.991434051796 207.085124772358 139.49392481665 95.9062577054896 64.4022348250969 67.4171989824271 40.7536230482297 81.7304919226838
8529.50609628518 3539.22301288119 1423.49348885577 2239.61507750481 485.808150056938 193.316976684848 94.2878614989067 45.1645241751231 58.0843713681705 56.6101925854222 26.3360616495721 22.489726831752
10475.0941457386 2074.72518062423 3562.68225029738 1032.55146929011 1140.9191312607 230.139621342815 92.7749549164394 38.4379941027193 25.0761155906527 60.8928660311165 27.6781483275306 11.5614806029297
15269.2112297854 1957.77594266213 2755.67928121914 2368.14486616677 672.016231912331 631.401193957242 135.302371272687 56.3964027091101 30.565150718317 20.7984225191487 32.6736029129939 10.734018760641
15710.2057304977 3775.80724025029 2421.97522513686 1838.8342480317 877.135364309573 347.628700387058 233.183073053762 48.5261108554777 28.7937941162898 17.4191216825711 8.03456592537363 12.7966981731632
14233.0566125056 2739.29462606054 5325.41889963177 1538.28588417309 757.699263936733 337.293329586939 153.83486567263 74.346862327719 19.5770444027465 22.4519632233581 13.2165638206525 2.92313881265509
9569.56613139453 2940.22187826144 4081.07860340217 4175.59306565144 642.927774660412 316.890381787133 125.456822934445 63.2521341521255 34.8838787667645 20.7061044793443 8.85833242391176 9.8010949005685
7343.485499955 2240.01670624444 5069.6433163024 4206.32328127624 2497.19411441944 361.226496831487 158.360227607961 65.564166496138 54.5988389103298 31.569041965077 13.434233933574 5.89398431047041
9141.20562451305 2281.44018048055 4014.46144664212 3787.78736200788 2281.79023980617 1265.25821160981 227.004748685332 121.104601830615 60.422923473583 49.4402083059974 15.0332317168001 6.37118200373007
7633.30832801513 2440.97312386957 2438.23634324095 1945.31758593307 1154.95516295523 775.076003523255 463.539567144247 89.772402199049 65.5548237220058 23.5317004746407 19.6552761494098 5.11739570790084
9552.61749933295 1702.13142863373 2821.33530111819 1205.47999607404 672.853732009529 405.360028799643 309.239811359358 173.019287875773 38.6016600702695 32.3457407336229 7.09959079683197 5.59023618834525
6082.01120752097 1898.65431776875 1959.00727036216 1615.24235035675 500.702745951249 298.925110983602 192.222165642346 149.563472466602 90.4705604766736 22.8614840500636 17.5787687662176 2.3294304236816
6192.46577351546 821.235707006428 2125.69043777788 1476.81132797148 850.657524108557 258.147289980697 164.207134612034 112.952365935416 90.3575109219232 65.5359457236037 10.13571449748 10.1397369159412
5332.06235682257 906.415009333111 756.367894464083 1001.13513117424 636.673381864216 300.385719333515 93.3224372716326 57.2141292059025 51.4169887716321 50.6407715940551 27.7264610095352 2.85920029750796
7369.83112265045 595.072488725913 1510.70251450538 803.346939372673 685.281835958812 386.789502667758 138.816798714273 46.3055066788683 29.4611417065963 42.8047389363771 25.3910728714337 12.9132161025654
5393.73731705364 934.199168282917 1197.18260868225 2385.63238903302 727.534341810898 431.923038141609 221.239343664001 63.6411017903022 26.9916173045451 17.8643352998948 20.6406437793951 11.4296420851924
10919.0407140421 481.15429002566 1837.17552367715 1600.12432333343 2527.92875370845 504.435402388538 226.210805710416 100.219958632241 30.5098531762518 15.4125918091602 6.24922006268497 9.20401277802534
14281.7349387921 1781.48344730795 816.464177924734 2516.90417789475 1356.89364526376 1652.77281127432 223.332392720203 98.149779341348 40.9468610087897 14.4891160641534 5.33909891174338 2.40693039878869
26658.0042637734 1586.56545049181 5767.58857194233 1035.1673430385 2217.69539155513 990.490441632795 899.650847808505 164.22093827267 65.9764393092024 19.6948745730511 6.13557049912742 3.25420381899883
19867.6095832102 3605.75367233033 2876.00418858157 5569.49394716928 599.748110864195 850.117049876951 404.174470024375 245.795451703824 50.7787709912903 15.9526934740194 5.42813690235023 1.28667070267747
17427.7485584223 2429.02075699405 6155.66147154612 2318.76834917223 2819.29788680377 313.549693343044 283.710948072473 189.518530458413 95.7027334447366 19.5568902746242 3.91900567063489 1.70575403670372
9131.23527037835 1916.2922925661 7874.34255809167 6777.24282577912 1561.00799462055 1227.77561371561 141.049085015665 136.01043222158 98.420273112214 31.6335959711414 6.29706060986998 1.26113548649521
15800.1160350799 1705.06876589757 4754.72762273103 10394.8977797286 4534.81823249503 750.607192665481 453.866186952341 52.0852106843839 52.5212758976984 23.163062484583 6.30658364708451 1.70334192121631
12879.4654713255 3901.30958074651 5032.08724532861 5195.60677323342 6823.80059276818 2591.18820809593 352.325104882792 171.233798539736 28.6036050800021 15.2928707848601 7.5906751905464 2.40036471328734
11509.3206800672 1996.99185970595 7579.42294704309 4238.44686110894 2762.51419014562 2610.86496043461 914.633162200765 169.093174816227 59.522591068574 8.67542763115756 4.88835365757732 2.15391334502623
17064.5517180153 2899.61943053778 2219.50593800359 6525.30215561866 2356.29033424279 1572.6289504123 1173.57257079931 291.29958512136 93.8603991613147 11.9636204609482 2.79160714752849 1.38807884350586
11972.9325538837 1920.44866867301 3649.37682553879 1200.71389486237 715.769776572802 1315.41732115936 651.916227855499 332.418660229965 285.778243631246 56.5775613103527 11.1780979535442 1.01324800991635
17137.5764851402 2668.89633361222 1319.47448095167 1318.19420705144 388.27900789057 304.392181339278 517.725281113122 268.241057633875 196.985074357802 118.001844679158 22.2450911595286 3.39358809626553
11090.7748996347 4349.51573514559 3339.64986880033 777.059589548958 496.463777374891 220.547924622323 185.29977890676 253.758307699565 176.750959449744 64.3746795718319 49.6634975823893 8.46643820208906
7477.94417992773 2962.40351810434 3537.22336592558 1979.21608988841 341.356973858954 210.172839920841 100.553942749822 89.5611290581912 123.579188615048 47.5512866307912 14.2033210224129 16.1141404115368
9386.36751536826 1814.10950734026 2584.5732866316 1581.28225702849 721.486337174859 168.297894712023 99.6349646302257 58.8906270167813 53.0441719455111 35.0982404412952 13.2561531205071 2.5610622118513
19739.0577682369 1843.90105039487 2518.57531480519 1599.96152550903 748.448948835996 266.426166045347 105.586470957421 58.4007905104074 47.1626265940721 26.1680307285021 11.4128025360496 4.66879130815435
13376.3018528136 5715.78044139956 1462.51771503441 1137.07040970167 461.411341907842 223.788667519404 66.76113908041 30.464154073791 30.6330931163432 17.6080945078061 10.1437233706926 2.43982162924877
8702.98384622335 2735.3085025093 4965.64047507074 630.327411755842 381.834590476745 191.179686699786 64.4013498664714 20.704596102268 5.02228184809473 20.7870108055143 11.718568059371 4.2481245481568
7612.68753868421 1142.78276606158 2860.35118046777 2901.16109161818 245.293070807168 172.472710749876 74.2538679504121 22.9473830438074 14.3045432695226 6.5287996772057 13.7135020892239 7.06219220217395
