9097.05716197111 7237.07333763156 5794.23349358309 3537.73761328319 1930.67857094887 1338.33045930723 1013.02237896188 677.071442261819 313.477655580927 121.032562155689 59.3338594588824 6.11027942082937
13640.1497962494 7080.02529399662 5725.78026733123 4329.18383971402 2427.99045302243 1366.78610962462 1001.83624152437 725.532986043696 495.283008634778 222.577849278967 71.1889961893446 48.9282368220875
19249.7832220864 9564.26738184882 4893.91838429419 4115.60974020692 3098.05928774233 1641.64076881058 1047.41029717311 734.052354704952 495.607163208509 380.875283614633 179.460538032887 41.1643008674183
16860.5361818925 17265.4218514197 8372.53231385806 3789.26496316098 3086.76104915632 2176.28674812638 1140.50213649438 745.855517260588 472.548868771418 332.998684699466 209.45884178416 115.950539097193
19529.8297224353 11687.6083976213 12920.4466613946 5857.1847810517 2649.39701461536 2072.30594627297 1369.81702548932 795.573528558716 503.051336345747 298.830495411165 216.724300545479 116.698329607663
15565.7970690509 15519.6224692866 8413.0430349454 9250.27051404169 3905.63881161505 1736.82257551439 1330.96441493634 794.261133663991 501.552639845433 293.009187704275 153.83898805689 113.731905626048
19012.760570283 11780.6950655478 11311.2994609955 5686.59297568105 6171.43079227126 2434.67573124977 1082.4343349754 826.485077435193 433.856363474004 290.193710964182 164.655416098716 74.7211317077882
20373.1809905418 16494.5422786026 9349.42867499347 8097.63726207621 3908.25173702755 3857.8655577311 1479.07038358989 669.085426960525 503.593047837231 250.095352789862 175.825569204899 101.692867479993
31134.0045213381 15906.2213999926 12885.5248283756 7363.56357576819 5892.55783375951 2807.37255111523 2404.04856412572 916.687685072699 418.652434277873 335.602356107502 143.809289673371 107.92745616275
30028.5992376194 30780.1658564742 10789.7824525552 8898.58125483154 5298.97380112962 4052.26549151996 1871.16185131803 1340.66962824005 508.417565606314 238.518340099351 202.87926615494 80.8067111975527
33201.3747087724 23262.1597417613 22246.2009222591 7351.65274001554 6191.54125476459 3861.84131666719 2783.70721385085 1301.16623525285 782.790244494219 313.670616147227 143.38808778499 122.984676565675
33562.862756011 22211.2625561043 15991.0689704021 13006.7420704186 5516.63503421511 4743.22597984264 3193.34841847742 2198.31961072106 1020.93762035686 520.42665944948 195.635019272044 114.592992744982
27646.8333079283 25795.8341968866 17851.2369329374 11207.5316618552 7293.72819580069 3479.10146758996 3008.16300234846 2030.01423934035 1299.23547596375 610.657253580452 291.305654220418 131.589810609242
24934.5998399421 19601.2052732683 15574.4260082589 10546.4500913004 6881.90025866097 4057.85739466965 2226.77154376375 1965.57501138235 1269.10135507509 807.503268792761 377.223426520123 224.731446194871
21093.8723628116 15704.3490294354 11898.0618305335 8744.08275828728 6192.03975198369 4516.93802546617 2545.9701866752 1510.63250203176 1298.31661141491 824.284000720808 516.548188793813 267.142998788091
22192.0517459766 13993.3107989659 8445.23369782801 6238.2287628074 5299.68345473007 4166.2143823887 3253.12422400709 1881.29065953057 1130.98264369558 869.96234882316 531.849460412754 359.060671842306
15590.2013278307 14877.0455151733 7616.56313118139 4717.28752582532 3623.1536365463 3624.43610996476 3031.0871455881 2471.30315313027 1525.38475850756 891.53260255327 643.627149792061 375.334333569532
9907.75473111671 10555.0261950292 8627.04304106488 3797.01074781068 2528.50747948439 2138.95411130566 2448.24897290652 2239.55899290873 1971.58961224115 1131.7091869607 699.625003882424 505.824951928923
8590.90498874662 6732.63633207796 6416.70578372743 5063.54057030277 2367.39820532158 1628.07120706971 1212.41970229125 1648.95270005443 1516.63502135197 1418.40656642856 785.534342926 489.516800331998
14439.8371560724 6354.59548448386 4256.2057753951 3707.2849723116 3085.58815961366 1409.05161699703 967.597696052798 691.096340075128 939.18544028828 911.183047568185 1121.62793194693 555.995074001419
17085.5264983348 10312.8059165988 4286.15349356767 2739.65928169365 2320.39170036807 1864.40583132187 884.251764999986 587.189841515399 374.263224604171 532.631011454703 590.332963652199 838.971360402833
14967.7321638102 18468.8325614253 6103.03706119285 2878.66060874072 1464.01092799797 1179.15352084869 911.561314332001 457.587733309597 315.142121518443 195.777120355112 294.590717319434 340.187694729622
34126.9199825511 10283.2011202033 14908.5292813744 3794.38591025155 1573.75541235756 812.234619690749 552.728856009602 438.263627563809 270.748110355466 167.979254850598 101.543275832154 203.64279944831
21252.4415123073 31453.7188365195 7338.32463503254 9255.7117952996 1973.82339282905 770.949019210899 384.6063047134 212.15263827033 246.947977658009 141.052107043586 65.6199319812687 56.0362579877565
26100.1426290298 18871.0688624522 18175.6037504404 4226.82548086516 4640.87265741587 925.443799562309 381.17378814237 177.073015307545 101.196058356936 151.722978943258 68.9639261476112 28.8070244086528
38045.3469329732 17433.3644438219 12952.2460883038 8627.98251662692 2417.28692182278 2207.4739227627 477.059423279965 218.828423771424 104.98669889917 51.8221398925987 81.4107906209462 26.7452890387037
39144.1455888203 35545.9432790796 11717.7205470083 6864.85147198907 3280.46810377915 1291.81599475749 889.56929872759 206.043201695466 110.830076898912 43.4021455141275 20.0192297746464 31.8847394451416
35463.6247144925 29350.6496820988 28409.3829350492 6276.63265602314 3143.11908056179 1435.34056164399 701.030150917055 390.993489077732 96.917013111391 55.9421647460581 32.9308926473982 7.28340374542487
23843.8946182587 32541.9208668788 22417.2792685603 17744.9378000942 2823.4526184326 1461.41556483865 628.03503717256 357.920097790631 177.966909162863 51.5921167565194 22.0717576856828 24.4207804976685
18297.3075254899 20749.9399634589 23189.6775687583 15164.1003585609 9353.35254970731 1447.78631695857 683.391606927926 303.502475844644 215.687062667451 78.658624589597 33.4732477722577 14.6856752804578
22776.5753015347 16236.8828408636 14526.3263909113 11065.5995863404 6848.75665542835 3984.92784251312 742.220540162196 408.983023265973 173.627133487627 123.187101752248 37.4573714111541 15.8746791865838
19019.4410972054 19078.6805826306 9664.12668573186 6227.21118327908 3743.67142593346 2586.37560797477 1559.75286342039 300.97998083965 182.746736674201 58.6324791115685 48.9738329579845 12.7506976077855
23801.664762563 14892.5449600482 12656.8805260642 4410.84152334332 2484.78329317993 1545.49351438622 1204.71089917915 681.956952601797 129.277037057575 80.5938767560023 17.6896102151449 13.9288449168861
15154.1702422057 18803.4441850124 9818.91049751181 6492.72930119957 1969.00797460105 1195.91916975922 795.679924228019 642.100893533116 344.85150700311 56.9625423997444 43.7999282543597 5.80409736243035
15429.3830361314 9115.7161059683 11278.1087586476 5991.33774132459 3169.8050899552 932.520120960756 597.738028654947 420.156478361505 297.004075732121 163.291852742943 25.2545314009394 25.2645538116301
13285.5691876111 13543.7675068053 5182.51425559167 5016.31213752513 2806.46920336416 1248.8413870857 391.706054151124 248.999806349015 200.133112669322 126.178470862399 69.0843038619848 7.12409211140893
18362.9512801364 10096.6618619526 11346.0084108113 4236.23150416635 3045.72742518657 1559.46542321594 548.560491844248 185.40096347035 103.579023078998 106.653914121843 63.2653620319116 32.175059945743
13439.2408621827 17404.5317611438 9540.15294690837 12975.3166674918 3219.55028539762 1670.29523569996 819.522324392362 237.405347327456 87.3407354810478 44.5114566812508 51.4290123890074 28.4785305479704
27206.2967686662 9061.72075302295 14279.2717691039 8272.34529734199 10551.1228757997 1810.37237677896 771.963297666777 343.320619124107 89.8953008752413 38.4025994330319 15.5707941796997 22.9330679919093
35584.9134820534 33508.0701655081 6224.31401103478 12656.8791365373 5618.77259614144 6024.51393646587 795.645158037213 361.927997657038 131.31676903087 36.1016321745245 13.3031017352422 5.99719924542053
66422.0964326915 26207.8451293965 36856.674677833 4175.44409821031 7247.37532636768 2812.27347955309 2437.94970918744 450.381853470493 153.788871944972 49.0724978950766 15.2876206084353 8.10829789576218
49502.8910103513 70984.142068144 21004.6590378944 25160.2741445675 2188.78350233736 2684.06488620932 1222.96267702181 758.41627898917 130.290088236043 39.7483372651579 13.5249521760982 3.20591761651495
43423.6405658211 55703.5974950633 50981.1829170319 11532.6451767748 11073.2807509366 1044.51740978835 879.609445887388 603.696246487752 247.528271370095 48.7286909736875 9.76474345189142 4.25012157681867
22751.7327882973 43362.456932559 65546.5794154701 33847.5697084836 6065.40270574249 3931.61033110902 406.208542941747 398.937008850441 229.298617656368 78.8194698041713 15.6899955050154 3.1422931015323
39368.1695203254 28611.440121846 32461.0966578041 47114.6233897378 17286.2241198834 2496.15730666109 1403.16377056515 173.902362144529 139.213626190704 57.7139666872292 15.7137234664163 4.24411145820939
32090.9655904155 43920.2415529229 25814.0913424202 19319.1391793062 22614.3696859791 7709.88724667117 982.933237084206 516.442535030391 69.9787414652554 38.1042979794649 18.9132147518212 5.98083993392811
28677.0607627619 18198.5594379415 34615.965440096 15141.0795129156 9262.25496855331 7949.58463792312 2582.01576936146 510.313748307163 142.786998067453 21.6160251536406 12.1800077315593 5.36677233957132
42518.6855167162 21397.5952748201 8894.57337606233 21980.9017741401 7900.61884834489 4985.56992264104 3479.43449149087 920.235679370806 232.989491215478 29.8090113602802 6.95567445036793 3.458589993731
20318.8657476857 21484.6928565198 17104.316058815 4318.1150863921 9725.0029335591 4020.36528572371 2509.21804089324 1530.10205977522 420.070234070711 76.8073667702559 7.6949763825335 1.99872463671993
29832.2137248997 11692.8962476432 13002.7668407676 3756.00584060638 2371.69556629045 4314.59836461996 2069.57253193528 1118.77906321165 753.497351676162 140.970801718629 27.8517736308326 2.52464724511863
42700.6368014394 18523.586718026 5296.06255407506 4593.75124493412 1429.13068393409 1107.21799160973 1808.9534632938 956.341275026053 525.758708506986 294.017880294428 55.4267144506442 8.45559305762812
27634.1961914195 29856.2285192765 13314.5632311643 2654.24535539089 1749.08450761862 763.864688841803 612.10833401498 826.972319573601 417.215759707693 160.398397870861 123.743457798339 21.0952991505367
18632.3298819645 21961.77307372 15056.3976134866 7224.06610393002 1282.49797828387 775.360449451496 358.806282556364 314.202369314892 303.93182425597 118.480592726933 35.3895343882598 40.1506045896897
23387.4299849865 14320.7686781948 11418.358031606 5903.06712843605 2769.02338555849 637.916684617404 382.214268141533 234.146259359383 153.585662777572 87.4521096231346 33.0295348513165 6.38123992788461
49182.586423171 13108.265036201 9800.28902393426 5139.66377365633 2431.83627172605 839.311759319349 336.977797598063 198.681969293809 124.018510178697 65.201259753125 28.4365724874204 11.6329378383273
33328.9019984053 47894.7586791144 6520.72127109838 4195.11861495809 1758.85321895831 844.213077499063 262.244379178225 135.953870426833 113.905807800327 43.8729973864851 25.2744866137747 6.07915228510768
21684.6852662398 29877.4991216026 28185.917365533 2998.04675554599 1929.2568570754 980.86932939658 356.117874017322 137.718548309755 28.7127541959251 51.7937060332599 29.1984294844742 10.584788553703
18968.0615549146 14709.6323343052 18937.7694693454 16079.5775995061 1432.82673559472 1017.26997596518 457.481458867332 163.238471675132 84.4673492079166 16.2674053713163 34.1690829211162 17.5964264555415
58813.6732765148 12725.4248398244 9548.59728438061 12230.0171667741 7734.9747814986 1076.71394237499 612.757895009031 354.795562365798 101.962728511359 49.5254366745327 9.53800920865849 20.0342353383335
