1.2 0.242216180211249 0.402960178571916 0.514047572054906 0.525297389811467 0.543871809402606 0.560338569030693 0.646227623755767 0.782228439743075
1.2 0.21762142633731 0.324773513138275 0.468771523424956 0.590005406285954 0.708875766943862 0.796195217299706 1.01452208201492 1.33290403075357
1.2 0.207456287141413 0.270585802365229 0.381322644966454 0.493485750461142 0.60799385095575 0.746694378360202 1.01626201202567 1.35232667266033
1.2 0.205806952045492 0.259838249943343 0.348995491606561 0.418119857546285 0.466491105189388 0.531526127483247 0.687277571222743 0.873509672185073
1.2 0.214376575635116 0.318332625710678 0.45686526003918 0.513628056068737 0.518771217965872 0.536896240072836 0.643249111220987 0.770936195766637
1.2 0.21850951739443 0.339529497920624 0.47085712004655 0.495952270617214 0.468735576136173 0.440222079651572 0.47226377922133 0.534304403672946
1.2 0.232983873578627 0.439915732128185 0.62983516065438 0.652595154859374 0.597273271706829 0.534231577371009 0.58726330022085 0.669853957015598
1.2 0.230204980747943 0.399150152939723 0.565040530055669 0.589195664071058 0.578447492343097 0.527538730843504 0.616223990011736 0.69973581884445
1.2 0.228622311591583 0.371593117088877 0.517525471498588 0.534533308468831 0.552200311093216 0.488743688715273 0.602617757161878 0.689411808365894
1.2 0.227835033759309 0.363712924795746 0.511114462165711 0.55742616540962 0.606454908167526 0.533255141780115 0.683432117490674 0.793516742088478
1.2 0.221380520153581 0.325116975014221 0.450783969712258 0.517606522271179 0.595719115383251 0.570378330685944 0.788827532331291 0.920677773948442
1.2 0.224361459588011 0.333680383618356 0.458624963050523 0.539532885772382 0.652340459002157 0.682671485560046 0.907260903066253 1.00210369380899
1.2 0.220408913901335 0.310767910530406 0.41241249414964 0.479935361670496 0.562021880022885 0.596634842711531 0.735421571478617 0.837493547245828
1.2 0.216269220304098 0.304082924544853 0.408329766551879 0.497419980034931 0.611870884813785 0.710087401442173 0.876891361953044 1.02171295505655
1.2 0.221784189566764 0.340505686119196 0.459610608374366 0.533466127443665 0.649167692488015 0.76565744723311 0.914495419408868 1.13007075868799
1.2 0.227824319833191 0.366614051865183 0.484619866331432 0.517806579041214 0.582819239590672 0.63317885259087 0.660349588818876 0.738691442261591
1.2 0.224861147406678 0.340545891885957 0.446555197354429 0.474493202509437 0.512107914889477 0.543238181295504 0.553682845109548 0.619256317825622
1.2 0.235134576702779 0.384801785014719 0.494590410544901 0.486919668024836 0.486332042233841 0.488603909191421 0.480447534231427 0.516171744287688
1.2 0.216347145267485 0.314234045741781 0.425756148851079 0.451016144860264 0.473230689094102 0.492239582910615 0.4948386551815 0.527771277570521
1.2 0.214907762892579 0.3154264094435 0.449750466234217 0.494628656422515 0.517748019787917 0.540001450809131 0.535693431137514 0.554577640453611
1.2 0.211554138674301 0.307311626110426 0.462406666130815 0.550345174337076 0.609671017105212 0.657567884470028 0.641902068165891 0.632927515622195
1.2 0.212234356118115 0.315415127350766 0.452750011172501 0.571130508082256 0.685828602788955 0.80483922163199 0.79870004266523 0.75987729720442
1.2 0.221968713118351 0.397721008601524 0.546067659064381 0.673976720010268 0.874836812808992 1.14694443917868 1.2394100185696 1.05839077106664
1.2 0.226403822501953 0.449464167934744 0.579620114854104 0.664682972694189 0.814507306305787 1.05996423980818 1.35297264852941 1.05843025903432
1.2 0.236200411310569 0.474322131936805 0.584960136550352 0.615799821007001 0.662240684899425 0.714890188187283 0.826899552197714 0.696525902752811
1.2 0.229033854102744 0.419460542754255 0.548710862745812 0.59451119264145 0.612762404794156 0.600224869768516 0.634853615733595 0.583666772488054
1.2 0.222065225899028 0.373541448157056 0.51855902437504 0.61454806312828 0.674651816409198 0.669072841085281 0.707511062804697 0.711022503169698
1.2 0.211891320531565 0.307642611396982 0.449481668998264 0.626949872492456 0.836963200894777 0.942260277073176 0.997823586012685 1.06680284242198
1.2 0.212711985769344 0.30273169449631 0.429465815164929 0.612347739685028 0.887526953746045 1.17719461452929 1.34000650017232 1.5178886418238
1.2 0.215533865546734 0.312101956509455 0.424738672331748 0.573763399672456 0.800135240392193 1.11011349169792 1.33368604745202 1.61360965976007
1.2 0.221381460618906 0.338071124680146 0.440606433024923 0.554415727789173 0.745286062070424 1.05431201224972 1.27738683801837 1.76688138212206
1.2 0.226007260200993 0.363626853067501 0.459001372151266 0.536128255506951 0.669661435977492 0.919995386202513 1.15223722555713 1.45385265769747
1.2 0.227237901109818 0.366534082772688 0.454296071235107 0.491767795308423 0.585419815798925 0.78928877351816 1.03644717447316 1.42563403650868
1.2 0.223090243327581 0.368298362139214 0.458713291595953 0.47769115501237 0.535616195437785 0.656927455067516 0.78501551013227 1.03703138851756
1.2 0.234750586844653 0.458168561140748 0.584132697794075 0.593017924528409 0.652100362096068 0.776365307607739 0.884288606985218 1.17524504408437
1.2 0.224568252146058 0.409712823978126 0.549744252123401 0.58890067459829 0.662307378746092 0.821563145634238 0.930063540211368 1.24075599669001
1.2 0.217709365907403 0.348496882889235 0.45340688742213 0.50575247581171 0.571770117988635 0.691619520158302 0.788055555949515 1.04649838830717
1.2 0.22962789060455 0.411588487372834 0.489969216110267 0.527730708874977 0.585708972795629 0.70399067137403 0.807510988909562 1.07607975705595
1.2 0.234509495704704 0.431115927627618 0.507562388431504 0.536377860298502 0.55372630740598 0.611195585491366 0.645290451019214 0.828953467054812
1.2 0.236315084108638 0.429570643576283 0.504471997506402 0.529972958885556 0.547827618700718 0.569660777624404 0.587340832319768 0.744899378644813
1.2 0.229558469607112 0.392015346365571 0.473030321560323 0.511998071897675 0.540792463639964 0.53882610842957 0.547049260553647 0.660340014398754
1.2 0.21165030857341 0.291214871598893 0.352223364803451 0.384799812115501 0.415761575792346 0.427023934103126 0.439271975659647 0.50627341079743
1.2 0.214121148948799 0.305515825900513 0.360499075580269 0.375970211862162 0.388960872586745 0.38420754325098 0.376238967090288 0.417669945873443
