10985.094609192 1617.32326224784 5791.61949343259 4507.98534818887 961.91252477159 739.379024980008 201.439157087646 397.96001181845 189.679369544519
4278.05569697263 204.328625545152 3030.36209489831 4129.25220364216 2883.00690010695 937.179477854127 661.112469863348 265.208310198014 443.365875529884
397.30634874252 42.0858143527358 671.416879454698 2857.77330928987 2622.44399529857 1369.79667407766 426.865458154334 378.725462797585 134.906616209991
2423.16418107206 1.92554311641858 474.135038454486 1109.09731887064 2177.81113678905 1370.52992006391 554.868669089414 150.076427289736 109.721868710891
2434.12672483311 50.5552522637006 43.1634388176752 1938.0859846422 1615.07751057637 1902.54078756911 1069.67261941412 394.543541312948 72.82738914455
7240.41531310735 48.1832308685631 323.692236446924 104.820776501272 1616.59451125151 855.872386548057 912.60555538024 536.961265964179 144.394517703404
8514.39892144541 299.308286000194 426.657496840021 580.988838915804 137.278605392471 1437.33425708101 648.308198719701 871.876712344214 672.709803461781
18555.7013783612 284.335807861694 1326.3539043049 296.938057921437 279.314807482536 65.927164578538 756.685675674211 462.943069901534 632.416503847851
16535.6338174128 664.822111454193 1161.04733159878 1374.3990512768 129.189539244215 140.175923075918 32.8260906456944 525.531146965999 279.457585409754
8137.33009283337 551.506023430807 2832.95782859933 1437.03415904266 834.459022470645 88.8077444764759 71.6851228751174 39.4883614807394 371.74426453454
5412.44614183887 198.109664065941 1802.04025095864 2815.04111912146 917.366417693517 486.394595195456 38.5526360588401 70.7846683329588 33.9047348592151
10118.090166325 141.278316674028 1116.53255658715 2570.46531701944 2226.92540945865 735.843720698475 295.672574726306 40.9822744571265 37.4597626402388
3953.77417223675 274.008225233974 391.269575387052 1457.37316037566 1870.29373903225 1415.60279034888 340.726219435566 136.567774618525 13.9980431485772
2979.44831008005 71.3096859520574 947.832041610199 498.353752361712 1461.1573294322 1677.66890029578 1116.05349203917 303.364367968231 92.3958214834542
1331.88001154959 79.0595092458331 639.499448020173 1410.22238509138 534.710298925844 1236.28669227427 1220.9190450807 669.972166235089 148.894209009152
1150.57130144153 40.8875065302557 529.241911279084 1010.12395488766 987.004597233686 388.41923431647 639.826644630436 483.334132702361 216.956221783986
1638.71241381736 32.0077448564268 132.921857376078 523.711574754124 641.444277108833 602.97153296447 204.190229628296 269.52297362593 239.245917152258
10780.8687815272 58.9870735285043 197.155720935168 189.308984415299 391.104085307053 407.377118769979 342.861385491452 98.1757612928464 140.790407556365
11880.2072339139 108.269584636842 114.364981507799 180.801259953852 105.012045835794 246.165007013092 275.14177773702 232.540085866808 75.2251438605541
19597.9241086567 393.640154294055 340.59512200278 151.635849575881 144.845808067173 87.0070886114981 201.290629461057 197.065793168778 172.905996141496
5098.55486514935 269.030953573837 3671.99922863611 441.755895259659 107.906689186283 106.343426378046 91.7812736895524 169.282219702118 152.242291622617
1757.66940629831 71.0627650071811 2156.60152047714 7475.08908253073 355.746888299489 83.3812437335935 67.7632593728249 73.3029177744698 123.826363198703
6420.73767107978 45.8721639504457 732.390316862362 4361.6362905747 8154.14590713271 316.658029724533 51.9535882145603 56.025125666326 50.727946339501
11607.3464630463 220.29875788884 343.34525143211 821.152178415455 3578.98289717971 5326.61806362736 156.358679410136 13.1270580388682 14.0657878792028
53713.4172145079 532.700484122819 2003.13016613787 181.200764033532 496.827818688794 1880.83523078214 2238.54506872762 46.062134614858 1.23691226184033
25589.4692126287 1984.35517691698 2207.93627243457 1441.35014395649 92.7762049924293 282.135190734111 841.567615974688 1051.59241627952 12.7446202509907
17471.3598785534 662.809107256003 9287.36794794549 1744.83890898156 815.718147286341 77.1836016247021 187.67759767286 599.160457269297 703.344396797094
11629.9714298483 201.312840480237 2366.48294445568 8185.65922856438 1279.90822957545 522.702497155582 71.3578323283301 209.220008663152 500.827876457155
3566.41081202724 187.061265695875 1507.60363398044 3423.80341781609 7691.3787032986 835.28088134262 250.295807223532 44.68246775975 110.931672724952
4398.94931518266 61.0119000280706 1257.62357960238 2654.11482519747 3978.54905190707 5335.16855506746 420.513865525121 82.5329336237455 16.0568509423538
1415.72473012196 123.390561335826 327.545429480832 1861.02334890559 2714.67442772581 3465.6139463725 2484.13894690332 147.319000498418 30.9139844475515
1330.05243213904 45.7658334576223 582.69920592289 391.055133046586 1634.62018281863 2194.39449983441 2010.48946907369 718.633766181492 57.4925100406606
1607.06487929263 43.6651416108669 190.920507681764 594.066622355289 309.631914353418 1119.60268917711 1346.70673057013 861.021402591298 231.027945059019
3314.67523485523 31.6100162983084 175.278563629889 220.362515419312 379.96819273359 286.388804415683 789.160647380799 557.989466889748 252.569795878646
4956.625191684 138.342764021567 265.388224490501 279.915250573529 195.372069937135 318.885086812261 342.283951664837 564.926529283234 334.616479844859
440.161861265829 156.022867713036 471.514397151205 187.0139594169 139.551643180474 129.788077959869 179.952760312525 216.776218540384 277.907238732273
984.087732517068 9.96329920144009 809.746226071433 298.763413785274 88.2667053059597 67.1032419298425 85.6119077810162 66.9014185352925 103.847535410376
3335.98922625265 36.050908631751 196.146891974871 1073.0868126453 203.76253852873 63.9593203950422 52.1370428541475 52.168736047539 42.9670473874009
4168.26014545394 141.544049813092 235.570287766824 320.998793952794 688.825621241944 95.6042902692769 37.3874647158402 24.0265419965252 16.4990961331805
3553.93189560344 181.775701549722 776.660531868885 210.102160381944 337.893861848192 274.74630957696 41.074747456211 19.9880327531082 14.1929319022813
11527.6919479344 125.72395325568 704.36321103035 507.626348011054 128.492837178301 233.545011960767 100.319146683215 16.5890806236162 13.3460747096643
15155.3714448953 130.425580727812 277.568503741389 434.608348609844 210.126952075693 66.5420175682241 94.0443628591982 36.4627663065899 8.58657982755476
23332.3226479638 301.571464006975 1004.45785753851 444.862252939562 375.743488372936 143.770879633117 48.8238857320577 54.6400731223147 19.9045003576968
