2.22140275816017 1.26361893837142 1.42436293673209 1.53545033021508 1.54670014797164 1.56527456756278 1.58174132719086 1.66763038191594 1.80363119790325
2.22140275816017 1.23902418449748 1.34617627129844 1.49017428158513 1.61140816444612 1.73027852510403 1.81759797545988 2.03592484017509 2.35430678891374
2.22140275816017 1.22885904530158 1.2919885605254 1.40272540312662 1.51488850862131 1.62939660911592 1.76809713652037 2.03766477018584 2.3737294308205
2.22140275816017 1.22720971020566 1.28124100810351 1.37039824976673 1.43952261570646 1.48789386334956 1.55292888564342 1.70868032938291 1.89491243034524
2.22140275816017 1.23577933379529 1.33973538387085 1.47826801819935 1.53503081422891 1.54017397612604 1.55829899823301 1.66465186938116 1.79233895392681
2.22140275816017 1.2399122755546 1.36093225608079 1.49225987820672 1.51735502877738 1.49013833429634 1.46162483781174 1.4936665373815 1.55570716183312
2.22140275816017 1.2543866317388 1.46131849028835 1.65123791881455 1.67399791301954 1.618676029867 1.55563433553118 1.60866605838102 1.69125671517577
2.22140275816017 1.25160773890811 1.42055291109989 1.58644328821584 1.61059842223123 1.59985025050327 1.54894148900367 1.63762674817191 1.72113857700462
2.22140275816017 1.25002506975175 1.39299587524905 1.53892822965876 1.555936066629 1.57360306925339 1.51014644687544 1.62402051532205 1.71081456652606
2.22140275816017 1.24923779191948 1.38511568295592 1.53251722032588 1.57882892356979 1.6278576663277 1.55465789994028 1.70483487565084 1.81491950024865
2.22140275816017 1.24278327831375 1.34651973317439 1.47218672787243 1.53900928043135 1.61712187354342 1.59178108884611 1.81023029049146 1.94208053210861
2.22140275816017 1.24576421774818 1.35508314177853 1.48002772121069 1.56093564393255 1.67374321716233 1.70407424372022 1.92866366122642 2.02350645196916
2.22140275816017 1.2418116720615 1.33217066869058 1.43381525230981 1.50133811983067 1.58342463818305 1.6180376008717 1.75682432963879 1.858896305406
2.22140275816017 1.23767197846427 1.32548568270502 1.42973252471205 1.5188227381951 1.63327364297395 1.73149015960234 1.89829412011321 2.04311571321672
2.22140275816017 1.24318694772693 1.36190844427937 1.48101336653454 1.55486888560383 1.67057045064819 1.78706020539328 1.93589817756904 2.15147351684816
2.22140275816017 1.24922707799336 1.38801681002535 1.5060226244916 1.53920933720138 1.60422199775084 1.65458161075104 1.68175234697905 1.76009420042176
2.22140275816017 1.24626390556685 1.36194865004613 1.4679579555146 1.49589596066961 1.53351067304965 1.56464093945567 1.57508560326972 1.64065907598579
2.22140275816017 1.25653733486295 1.40620454317489 1.51599316870507 1.50832242618501 1.50773480039401 1.51000666735159 1.5018502923916 1.53757450244786
2.22140275816017 1.23774990342766 1.33563680390195 1.44715890701125 1.47241890302043 1.49463344725427 1.51364234107078 1.51624141334167 1.54917403573069
2.22140275816017 1.23631052105275 1.33682916760367 1.47115322439439 1.51603141458268 1.53915077794809 1.5614042089693 1.55709618929768 1.57598039861378
2.22140275816017 1.23295689683447 1.3287143842706 1.48380942429099 1.57174793249725 1.63107377526538 1.6789706426302 1.66330482632606 1.65433027378236
2.22140275816017 1.23363711427829 1.33681788551094 1.47415276933267 1.59253326624243 1.70723136094912 1.82624197979216 1.8201028008254 1.78128005536459
2.22140275816017 1.24337147127852 1.41912376676169 1.56747041722455 1.69537947817044 1.89623957096916 2.16834719733885 2.26081277672977 2.07979352922681
2.22140275816017 1.24780658066212 1.47086692609491 1.60102287301427 1.68608573085436 1.83591006446596 2.08136699796835 2.37437540668958 2.07983301719449
2.22140275816017 1.25760316947074 1.49572489009697 1.60636289471052 1.63720257916717 1.6836434430596 1.73629294634745 1.84830231035788 1.71792866091298
2.22140275816017 1.25043661226291 1.44086330091442 1.57011362090598 1.61591395080162 1.63416516295433 1.62162762792869 1.65625637389377 1.60506953064822
2.22140275816017 1.2434679840592 1.39494420631723 1.53996178253521 1.63595082128845 1.69605457456937 1.69047559924545 1.72891382096487 1.73242526132987
2.22140275816017 1.23329407869174 1.32904536955715 1.47088442715843 1.64835263065263 1.85836595905495 1.96366303523335 2.01922634417285 2.08820560058215
2.22140275816017 1.23411474392951 1.32413445265648 1.4508685733251 1.6337504978452 1.90892971190621 2.19859737268946 2.36140925833249 2.53929139998397
2.22140275816017 1.2369366237069 1.33350471466962 1.44614143049192 1.59516615783263 1.82153799855236 2.13151624985809 2.35508880561219 2.63501241792024
2.22140275816017 1.24278421877908 1.35947388284032 1.46200919118509 1.57581848594934 1.76668882023059 2.07571477040989 2.29878959617854 2.78828414028223
2.22140275816017 1.24741001836116 1.38502961122767 1.48040413031144 1.55753101366712 1.69106419413766 1.94139814436268 2.1736399837173 2.47525541585764
2.22140275816017 1.24864065926999 1.38793684093286 1.47569882939528 1.51317055346859 1.6068225739591 1.81069153167833 2.05784993263333 2.44703679466885
2.22140275816017 1.24449300148775 1.38970112029938 1.48011604975612 1.49909391317254 1.55701895359795 1.67833021322769 1.80641826829244 2.05843414667773
2.22140275816017 1.25615334500482 1.47957131930092 1.60553545595425 1.61442068268858 1.67350312025624 1.79776806576791 1.90569136514539 2.19664780224454
2.22140275816017 1.24597101030623 1.4311155821383 1.57114701028357 1.61030343275846 1.68371013690626 1.84296590379441 1.95146629837154 2.26215875485018
2.22140275816017 1.23911212406757 1.3698996410494 1.4748096455823 1.52715523397188 1.5931728761488 1.71302227831847 1.80945831410969 2.06790114646734
2.22140275816017 1.25103064876472 1.432991245533 1.51137197427044 1.54913346703515 1.6071117309558 1.7253934295342 1.82891374706973 2.09748251521612
2.22140275816017 1.25591225386487 1.45251868578779 1.52896514659167 1.55778061845867 1.57512906556615 1.63259834365154 1.66669320917938 1.85035622521498
2.22140275816017 1.25771784226881 1.45097340173645 1.52587475566657 1.55137571704573 1.56923037686089 1.59106353578457 1.60874359047994 1.76630213680498
2.22140275816017 1.25096122776728 1.41341810452574 1.49443307972049 1.53340083005784 1.56219522180013 1.56022886658974 1.56845201871382 1.68174277255892
2.22140275816017 1.23305306673358 1.31261762975906 1.37362612296362 1.40620257027567 1.43716433395252 1.4484266922633 1.46067473381982 1.5276761689576
2.22140275816017 1.23552390710897 1.32691858406068 1.38190183374044 1.39737297002233 1.41036363074691 1.40561030141115 1.39764172525046 1.43907270403361
